9.956947565078735352e-01 -2.079597674310207367e-02 -9.033061563968658447e-02 -3.081001937389373779e-01 2.503341995179653168e-02 9.986261725425720215e-01 4.603354260325431824e-02 1.346772015094757080e-01 8.924920111894607544e-02 -4.809664189815521240e-02 9.948473572731018066e-01 3.989876061677932739e-02
9.992919564247131348e-01 -7.346052210777997971e-03 -3.690248355269432068e-02 -1.498576402664184570e-01 9.018718264997005463e-03 9.989296793937683105e-01 4.536666721105575562e-02 1.344029307365417480e-01 3.652972728013992310e-02 -4.566735774278640747e-02 9.982885718345642090e-01 2.902712300419807434e-02
9.999924302101135254e-01 5.538118421100080013e-04 3.876697039231657982e-03 1.109326141886413097e-03 -6.653598975390195847e-04 9.995840191841125488e-01 2.883213385939598083e-02 1.224652156233787537e-01 -3.859107615426182747e-03 -2.883449383080005646e-02 9.995768070220947266e-01 1.452994905412197113e-02
9.951218366622924805e-01 3.262475132942199707e-03 9.860037267208099365e-02 2.137917429208755493e-01 -5.659463349729776382e-03 9.996950030326843262e-01 2.404022961854934692e-02 1.075301319360733032e-01 -9.849185496568679810e-02 -2.448098175227642059e-02 9.948367476463317871e-01 5.527357570827007294e-03
9.937942028045654297e-01 3.328821621835231781e-03 1.111852750182151794e-01 3.141003847122192383e-01 -4.524910822510719299e-03 9.999345541000366211e-01 1.050702203065156937e-02 8.382164686918258667e-02 -1.111430078744888306e-01 -1.094492059201002121e-02 9.937441349029541016e-01 -2.349783666431903839e-02
9.946457147598266602e-01 8.948048576712608337e-03 1.029567271471023560e-01 3.479748070240020752e-01 -1.030228659510612488e-02 9.998671412467956543e-01 1.262923609465360641e-02 2.257419563829898834e-02 -1.028300374746322632e-01 -1.362230349332094193e-02 9.946056604385375977e-01 -1.904376037418842316e-02
9.988996386528015137e-01 3.619120921939611435e-03 4.676008597016334534e-02 1.519789099693298340e-01 -4.299590364098548889e-03 9.998862147331237793e-01 1.445999275892972946e-02 2.967255935072898865e-02 -4.670242592692375183e-02 -1.464513037353754044e-02 9.988014698028564453e-01 6.548835895955562592e-03
9.991228580474853516e-01 2.673028968274593353e-03 -4.179071262478828430e-02 -7.791167497634887695e-02 -1.883929595351219177e-03 9.998193979263305664e-01 1.891016028821468353e-02 3.839690983295440674e-02 4.183371737599372864e-02 -1.881484128534793854e-02 9.989474415779113770e-01 3.058101609349250793e-02
9.935983419418334961e-01 -1.272229244932532310e-03 -1.129642948508262634e-01 -2.571958601474761963e-01 3.297717077657580376e-03 9.998371005058288574e-01 1.774528995156288147e-02 3.902716934680938721e-02 1.129233241081237793e-01 -1.800421439111232758e-02 9.934405684471130371e-01 3.405209630727767944e-02
9.862205386161804199e-01 -1.101590692996978760e-02 -1.650690138339996338e-01 -3.995082676410675049e-01 1.376435812562704086e-02 9.997848272323608398e-01 1.551566645503044128e-02 3.788843750953674316e-02 1.648625731468200684e-01 -1.757393777370452881e-02 9.861599802970886230e-01 2.396724931895732880e-02
9.885660409927368164e-01 -5.095723085105419159e-03 -1.507027745246887207e-01 -3.943982720375061035e-01 4.231263883411884308e-03 9.999727010726928711e-01 -6.056291516870260239e-03 -4.749343544244766235e-02 1.507295072078704834e-01 5.349379964172840118e-03 9.885605573654174805e-01 3.857435286045074463e-02
9.979360103607177734e-01 -2.480112016201019287e-04 -6.421691924333572388e-02 -1.628203839063644409e-01 -5.017055082134902477e-04 9.999318718910217285e-01 -1.165836397558450699e-02 -2.915892750024795532e-02 6.421543657779693604e-02 1.166651956737041473e-02 9.978678822517395020e-01 3.162283822894096375e-02
9.982548356056213379e-01 -1.918601617217063904e-02 5.585079640150070190e-02 3.401057422161102295e-02 1.849375851452350616e-02 9.997459650039672852e-01 1.288534235209226608e-02 -3.491946682333946228e-02 -5.608381703495979309e-02 -1.182996388524770737e-02 9.983559846878051758e-01 1.298172492533922195e-02
9.941656589508056641e-01 -1.883365400135517120e-02 1.062081381678581238e-01 2.119274735450744629e-01 1.883987896144390106e-02 9.998220205307006836e-01 9.447549236938357353e-04 -3.798928856849670410e-02 -1.062070280313491821e-01 1.061705872416496277e-03 9.943434596061706543e-01 -1.469250861555337906e-02
9.896146059036254883e-01 -6.390252616256475449e-03 1.436045169830322266e-01 3.653174936771392822e-01 1.158670615404844284e-02 9.993067979812622070e-01 -3.537876158952713013e-02 -3.855875879526138306e-02 -1.432788819074630737e-01 3.667524084448814392e-02 9.890025854110717773e-01 -4.872397705912590027e-02
9.880519509315490723e-01 -9.973775595426559448e-03 1.537982970476150513e-01 3.955411016941070557e-01 1.856400817632675171e-02 9.983401298522949219e-01 -5.451936647295951843e-02 -8.737304061651229858e-02 -1.529992371797561646e-01 5.672307312488555908e-02 9.865970611572265625e-01 -5.619781836867332458e-02
9.962317943572998047e-01 -4.922611638903617859e-03 8.659208565950393677e-02 2.226235121488571167e-01 8.206771686673164368e-03 9.992586970329284668e-01 -3.761180117726325989e-02 -1.098286211490631104e-01 -8.634273707866668701e-02 3.818070888519287109e-02 9.955336451530456543e-01 -3.143873065710067749e-02
9.995300769805908203e-01 2.125836536288261414e-02 -2.208710275590419769e-02 4.449158906936645508e-03 -2.187790535390377045e-02 9.993628859519958496e-01 -2.819753065705299377e-02 -1.109596043825149536e-01 2.147360518574714661e-02 2.866749651730060577e-02 9.993583559989929199e-01 -1.500549353659152985e-02
9.954541325569152832e-01 1.219311170279979706e-02 -9.445889294147491455e-02 -1.838560849428176880e-01 -1.569024659693241119e-02 9.992152452468872070e-01 -3.636901825666427612e-02 -1.255717128515243530e-01 9.394132345914840698e-02 3.768577054142951965e-02 9.948642253875732422e-01 -1.924868673086166382e-02
9.901705980300903320e-01 4.924342781305313110e-02 -1.309102028608322144e-01 -3.291760981082916260e-01 -5.465620756149291992e-02 9.977788329124450684e-01 -3.807891905307769775e-02 -1.286036074161529541e-01 1.287443041801452637e-01 4.485967755317687988e-02 9.906626939773559570e-01 -3.946248441934585571e-02
